2 
2 
17
16 
1 1 1 1 1 1 1 1 1 1 1 1 1 1 1 1  
16 
1 2 2 2 2 2 2 2 2 2 2 2 2 2 2 1  
16 
1 2 2 2 2 2 2 2 2 2 2 2 2 2 2 1  
16 
1 2 2 2 2 2 2 2 2 2 2 2 2 2 2 1  
16 
1 2 2 2 2 2 2 2 1 2 2 2 2 2 2 1  
16 
1 2 2 2 2 2 2 1 1 2 2 2 2 2 2 1  
16 
1 2 2 2 2 2 1 2 1 2 2 2 2 2 2 1  
16 
1 2 2 2 2 2 2 2 1 2 2 2 2 2 2 1  
16 
1 2 2 2 2 2 2 2 1 2 2 2 2 2 2 1  
16 
1 2 2 2 2 2 2 2 1 2 2 2 2 2 2 1  
16 
1 2 2 2 2 2 1 1 1 1 1 2 2 2 2 1  
16 
1 2 2 2 2 2 2 2 2 2 2 2 2 2 2 1  
16 
1 2 2 2 2 2 2 2 2 2 2 2 2 2 2 1  
16 
1 2 2 2 2 2 2 2 2 2 2 2 2 2 2 1  
16 
1 2 2 2 2 2 2 2 2 2 2 2 2 2 2 1  
16 
1 2 2 2 2 2 2 2 2 2 2 2 2 2 2 1  
16 
1 1 1 1 1 1 1 1 1 1 1 1 1 1 1 1  
 
17
16 
1 1 1 1 1 1 1 1 1 1 1 1 1 1 1 1  
16 
1 0 0 0 0 0 0 0 0 0 0 0 0 0 0 1  
16 
1 0 0 0 0 0 0 0 0 0 0 0 0 0 0 1  
16 
1 0 0 0 0 0 0 0 0 0 0 0 0 0 0 1  
16 
1 0 0 0 0 0 0 0 0 0 0 0 0 0 0 1  
16 
1 0 0 0 0 0 0 0 0 0 0 0 0 0 0 1  
16 
1 0 0 0 0 0 0 0 0 0 0 0 0 0 0 1  
16 
1 0 0 0 0 0 0 0 0 0 0 0 0 0 0 1  
16 
1 0 0 0 0 0 0 0 0 0 0 0 0 0 0 1  
16 
1 0 0 0 0 0 0 0 0 0 0 0 0 0 0 1  
16 
1 0 0 0 0 0 0 0 0 0 0 0 0 0 0 1  
16 
1 0 0 0 0 0 0 0 0 0 0 0 0 0 0 1  
16 
1 0 0 0 0 0 0 0 0 0 0 0 0 0 0 1  
16 
1 0 0 0 0 0 0 0 0 0 0 0 0 0 0 1  
16 
1 0 0 0 0 0 0 0 0 0 0 0 0 0 0 1  
16 
1 0 0 0 0 0 0 0 0 0 0 0 0 0 0 1  
16 
1 1 1 1 1 1 1 1 1 1 1 1 1 1 1 1  
 
4
4 
0 0 0 0  
4 
0 0 0 0  
4 
0 0 0 0  
4 
0 0 0 0  
 
17
16 
0 0 0 0 0 0 0 0 0 0 0 0 0 0 0 0  
16 
0 0 0 0 0 0 0 0 0 0 0 0 0 0 0 0  
16 
0 0 0 0 0 0 0 0 0 0 0 0 0 0 0 0  
16 
0 0 0 0 0 0 0 0 0 0 0 0 0 0 0 0  
16 
0 0 0 0 0 0 0 0 0 0 0 0 0 0 0 0  
16 
0 0 0 0 0 0 0 0 0 0 0 0 0 0 0 0  
16 
0 0 0 0 0 0 0 0 0 0 0 0 0 0 0 0  
16 
0 0 0 0 0 0 0 0 0 0 0 0 0 0 0 0  
16 
0 0 0 0 0 0 0 0 0 0 0 0 0 0 0 0  
16 
0 0 0 0 0 0 0 0 0 0 0 0 0 0 0 0  
16 
0 0 0 0 0 0 0 0 0 0 0 0 0 0 0 0  
16 
0 0 0 0 0 0 0 0 0 0 0 0 0 0 0 0  
16 
0 0 0 0 0 0 0 0 0 0 0 0 0 0 0 0  
16 
0 0 0 0 0 0 0 0 0 0 0 0 0 0 0 0  
16 
0 0 0 0 0 0 0 0 0 0 0 0 0 0 0 0  
16 
0 0 0 0 0 0 0 0 0 0 0 0 0 0 2 0  
16 
0 0 0 0 0 0 0 0 0 0 0 0 0 0 0 0  

 0
 0
